1,2,3,4,5,6,7,8,9,10,11,12,13,14,15,16,17,18,19,20,21,22,23,24,25,26,27,28,29,30,31,32,33,34,35,36,37,38,39,40,41,42,43,44,45,46,47,48,49,50,51,52,53,54,55,56,57,58,59,60,61,62,63,64,65,66,67,68,69,70,71,72,73,74,75,76,77,78,79,80,81,82,83,84,85,86,87,88,89,90,91,92,93,94,95,96,97,98,99,100
1.1061114535364996e-8,8.566359842032577e-9,8.033065200564846e-9,1.1283445976535334e-8,9.477722947028313e-9,1.346414327011129e-8,9.088804238717735e-9,1.0860898474510075e-8,9.964733636046572e-9,9.267093532192003e-9,1.0655665296097637e-8,1.2618610468296867e-8,9.198448757961793e-9,1.1735409799514517e-8,1.2434830202540673e-8,8.242955342837656e-9,1.1049289607939311e-8,8.857769183212664e-9,8.77244713363476e-9,1.370306332698021e-8,7.259543834535387e-9,1.37796578045599e-8,9.94392888265295e-9,1.2361794941179403e-8,8.305844132653127e-9,9.298842316896877e-9,1.2623797106892705e-8,1.1362120175429905e-8,9.938117400724599e-9,1.3898619405826611e-8,8.699802610167871e-9,7.46616020631142e-9,8.5068725833959e-9,8.54206766777229e-9,1.0530555654854544e-8,1.0612328553959775e-8,8.974657916390211e-9,7.466003750589119e-9,8.556555344886482e-9,9.659288199864526e-9,1.0114501242983347e-8,1.1065078397882532e-8,9.699174972844853e-9,1.0653721835980958e-8,1.0338975544757498e-8,7.100181758857789e-9,9.206983599439915e-9,9.616058425518681e-9,1.2015211544157472e-8,8.18082729340665e-9,7.877046951678504e-9,9.531794205006791e-9,1.1892153977553687e-8,9.295128561692213e-9,1.1395542569189368e-8,7.823396276399075e-9,1.2665805928584523e-8,9.662497269209365e-9,7.941531496442017e-9,9.956513395906202e-9,9.741694504145274e-9,1.4306182973324939e-8,9.26934923432176e-9,1.151109278563714e-8,1.0869161905671211e-8,8.189760822066251e-9,7.739092733267706e-9,9.020691426450888e-9,5.984360321421413e-9,9.417013635140433e-9,7.775335508080226e-9,1.0950682233908006e-8,9.692319090512606e-9,8.435794096003347e-9,8.833453629301855e-9,1.0828626381826915e-8,9.141150508805117e-9,1.0956253317060956e-8,1.2758499418330077e-8,1.0782454180368601e-8,9.173232112293529e-9,1.210946949413858e-8,1.0756811868641513e-8,9.634667899056354e-9,1.0305440166793804e-8,1.0276282635700731e-8,9.745506833378298e-9,8.538851305043443e-9,8.255969890649352e-9,1.2019285912375077e-8,9.527986457122772e-9,1.2595707101312444e-8,1.0348330746029915e-8,1.0457145772706755e-8,9.814177260593939e-9,7.86739354593983e-9,8.491543235743089e-9,8.964826532415308e-9,9.991761560168317e-9,9.966208450751718e-9
7.894921754615095e-9,5.930011906253167e-9,5.559512221696505e-9,8.221127127048601e-9,6.70751470629249e-9,9.79223212487374e-9,6.321913024298766e-9,7.671194941218182e-9,6.961696160134272e-9,6.5145052691758004e-9,7.60296596680817e-9,9.264051952686582e-9,6.47369788935883e-9,8.373065613168475e-9,8.974403350493096e-9,5.6265813781152e-9,7.786565895004654e-9,6.138821862314854e-9,6.105713016344145e-9,1.007523653746963e-8,4.837149915111584e-9,1.0114059922418798e-8,6.963646957396964e-9,8.871882453193036e-9,5.687645774960017e-9,6.439065399003562e-9,9.224193512720374e-9,8.00530297290499e-9,7.004924225363435e-9,1.0174923917935301e-8,5.9800180180972655e-9,5.0691239486182556e-9,5.921135133497843e-9,5.896924587956969e-9,7.452440622056185e-9,7.606550693720795e-9,6.323989875800802e-9,4.985171114991544e-9,5.894892711528273e-9,6.7390764328001965e-9,7.112178908310681e-9,7.85593123480317e-9,6.628242074918694e-9,7.52148863494258e-9,7.308728968994699e-9,4.719263135795151e-9,6.4155319362536684e-9,6.7390997820404005e-9,8.710141930359701e-9,5.5997496803989075e-9,5.372799634418593e-9,6.684448801933633e-9,8.644090367198027e-9,6.436032386325323e-9,8.110249023993199e-9,5.30112495300154e-9,9.215007646061113e-9,6.9090843789436175e-9,5.41220698017343e-9,7.075978039421682e-9,6.723490141109009e-9,1.0663234849635404e-8,6.4074186626953035e-9,7.54683939697299e-9,7.7444936195661e-9,5.51377535694814e-9,5.316939690168166e-9,6.295486569674735e-9,3.8513921364231175e-9,6.683913156629098e-9,5.328211506434826e-9,7.834739862452715e-9,6.6890057785948105e-9,5.808170197325649e-9,5.715679263234281e-9,7.486639096398441e-9,6.466856685203828e-9,7.79334631554262e-9,9.235784102461638e-9,7.773325912276402e-9,6.436615048273863e-9,8.762549139209215e-9,7.571029863232043e-9,6.725548015788902e-9,7.231497196811399e-9,7.323476995863093e-9,6.740484730963348e-9,5.932174715374823e-9,5.586430748891306e-9,8.693801872205226e-9,6.576989323788368e-9,9.19788130605988e-9,7.343312506579907e-9,7.37942012451488e-9,6.923088528443775e-9,5.373379419092334e-9,5.811185268857138e-9,6.230719599935263e-9,7.0945588109829435e-9,6.969784836795439e-9
1.4895690167206344e-8,1.1846812151506617e-8,1.1108987417927596e-8,1.495412313581653e-8,1.2864706844473694e-8,1.7936353218536707e-8,1.2505680352517729e-8,1.4750110126682388e-8,1.3666460624675376e-8,1.2644348631668508e-8,1.4307993268256513e-8,1.6620790735344516e-8,1.2534691250632506e-8,1.5839832600805116e-8,1.652168286699752e-8,1.1518602124711846e-8,1.4830240973676565e-8,1.221045310504961e-8,1.2078517148006266e-8,1.802225502878053e-8,1.033120436117856e-8,1.8124291872528322e-8,1.3598516330195255e-8,1.6565000777363084e-8,1.1565903566684859e-8,1.2849700372754933e-8,1.667298709637325e-8,1.5467399669645614e-8,1.352881939052021e-8,1.8291381919478445e-8,1.2068688182989848e-8,1.0461738805535771e-8,1.1709883219108095e-8,1.1822353220087663e-8,1.427589224201229e-8,1.4259283518813473e-8,1.2218262232667108e-8,1.0605249578987035e-8,1.1863768818644876e-8,1.3245555993761211e-8,1.3853821303634511e-8,1.4995975186670434e-8,1.3459256769973058e-8,1.4471457117549632e-8,1.3999929213044169e-8,1.0124707935420836e-8,1.2662519796485103e-8,1.3114668524012359e-8,1.589666658660834e-8,1.1397935718732878e-8,1.1015049430883639e-8,1.3022219687774541e-8,1.5776021182447295e-8,1.2835254663534468e-8,1.5014589513030215e-8,1.1066558018645247e-8,1.6813133029021786e-8,1.301262324814265e-8,1.1115447461789412e-8,1.34606945583718e-8,1.3480518839419496e-8,1.861701716022472e-8,1.2811281534892148e-8,1.5314340204362802e-8,1.4668657513689056e-8,1.156890747128032e-8,1.0763635648419815e-8,1.2380267964082092e-8,8.758001878314395e-9,1.275237051753218e-8,1.0844546309447135e-8,1.472311149427192e-8,1.3411656279322818e-8,1.1702974083373953e-8,1.216562276446263e-8,1.4656372150227074e-8,1.2429207401401007e-8,1.4791343284936323e-8,1.6961350505019864e-8,1.4432690469894535e-8,1.2546096448839102e-8,1.615329528874328e-8,1.4582977152171529e-8,1.3226403693211473e-8,1.4090204246785482e-8,1.3863802326345965e-8,1.3453593924828832e-8,1.1779198678428236e-8,1.1627255334067969e-8,1.6041729392698707e-8,1.3187766581688314e-8,1.6659395129361443e-8,1.4044654331691827e-8,1.4235730436544826e-8,1.3356718126614852e-8,1.0987022051179856e-8,1.1835505210344139e-8,1.2342190168532465e-8,1.3513041867788642e-8,1.364717719652164e-8
8.787634356730436,5.214234181628942,10.29360873799899,8.255682474130047,5.143459644659157,3.8825467547555417,9.169905365553797,8.300359674668233,7.578919429858784,6.723084557824265,2.9890202993855084,3.361788071987584,7.058476228232767,6.469104605810789,4.460836688701258,11.600012994656945,5.954719021413973,5.262099311398709,5.874094144493204,3.8296731324556994,8.82396489523904,3.2519274201173727,5.794129536386098,4.69085875805523,5.790482313867038,6.255546200992737,3.6350508985198156,4.094739794214418,4.976072197520676,5.075011244381388,4.595891098053327,8.512980534382677,9.37337350078561,5.640542874560695,4.393795010732943,5.614146101660684,8.557088839773998,8.672918119547445,8.289908233293053,9.83934990947654,5.039104410092563,6.384007305015249,5.744186879953806,4.3993221075836955,6.939036648089578,10.732067308021474,7.4381430832768825,4.830694699539776,5.433741883872394,6.992986572949706,9.012772656790386,7.078679795140886,5.76457918281943,6.630039258186425,6.930558955783968,9.504040805646067,5.274437498115643,5.025143032217078,6.084115868007965,4.97044730971807,4.949004117705658,5.679094333227238,4.499169712391553,5.1198748368111,7.25542866658702,6.0185698774382255,8.32341804303987,7.036973228998921,11.555687335300842,5.893443522826369,8.353918205811667,7.37767874111566,6.080345815160905,7.119101110349011,5.821984933091011,5.740026936604746,8.04175258772818,5.715572170359189,6.006884683293158,6.921651117422181,5.005933802612882,4.947763228258389,6.350804150049338,6.8446907459445345,6.363707231993937,6.50364695845185,5.924755961534146,9.642465562036111,7.941322385064365,5.745042819241573,5.4070516145772825,4.3134597763168205,5.332508250061128,6.915335523135003,6.063125661914047,6.043825444435427,6.775730491279782,9.034894571866522,6.04630605824218,7.563229029305707
5.470554905627352,2.754087536435118,6.353777129007899,5.051359167720189,2.9071712272298966,2.118799809714882,5.450600698279092,5.0123397368505165,4.491946572988309,3.789450415624736,1.388273513554998,1.7427050859027884,4.088873209760992,3.824414257713885,2.4609656540877216,6.9693868286821,3.4290791413921387,2.781077971804234,3.1616720878138502,2.0739956739400545,4.981207109591496,1.658108735818561,3.179223899423725,2.6199685611399857,3.0934590989690745,3.465298678015902,1.8938302152134112,2.1015793154081974,2.677762689879946,2.9200951875346797,2.3240846692355657,4.8623623958051905,5.707360847852548,3.0043912007219076,2.365017526391374,3.1262767383637415,5.076793663760809,4.926939677332192,4.792431920706675,6.009517380479513,2.7338235511066515,3.7132980100846154,3.1819943177401293,2.2910634010736546,4.074351396149413,6.112404349580975,4.274248591486217,2.5639836416427944,3.1342859770712264,3.9697419570189565,5.208703041003256,4.051131085537558,3.3386777562331345,3.776415025968133,4.174889676937799,5.583442483814604,3.0481646975174974,2.771742790447831,3.2168905935461147,2.694237289304147,2.6082647874873235,3.3335294554342845,2.289763207774685,2.8815563800671096,4.273379814391941,3.202659797231604,5.001533387038466,4.02270579528041,6.534717513580435,3.350435731421264,4.691685506109989,4.407440028723855,3.3586991430479216,4.110905664781772,3.123354910504615,3.189262934922461,4.722067257198502,3.25617560047144,3.501180700861338,4.056332075815028,2.7387739003817475,2.7755307604278263,3.6126298326913155,3.908701745180894,3.5523064684982257,3.7248637931158672,3.2947840722872224,5.78839990834914,4.529314089465042,3.368316119773243,2.8757734921926756,2.321914744630592,2.931609870354451,4.025428360975288,3.4401856662988752,3.2512100361829535,3.7427628496253678,5.311387317430656,3.422539337244529,4.412965337960375
13.931645841593621,9.24979657255709,16.53307067781092,13.14549395781689,8.686860161433538,6.607175389537918,15.152286245002703,13.486256921415732,12.34886304341745,11.403523712425551,5.546006088564116,5.898359985907204,11.757810414787993,10.613932534436808,7.556432592281647,19.186296272456758,9.86381824087175,9.314757904039148,10.281935471056853,6.516033148208699,15.296732318445617,5.699750652725942,9.991753791980857,7.917038873716574,10.263009055377285,10.79918757419607,6.3233593860030455,7.2926260674238375,8.666329719534858,8.374091481168222,8.320870052827727,14.334315449865777,15.245668031246362,9.959503866218881,7.577562017259224,9.515010020419258,14.060650772056402,15.014812362912226,14.008040082130462,15.636057370165991,8.73046479766243,10.585879189783032,9.9383400896849,7.778959765375172,11.461660852085956,18.545157863195275,12.5395596714146,8.455638579263397,8.921977938498443,11.96403675686689,15.277790818572095,11.918415967620174,9.427806359206295,11.176670471103467,11.031455922113615,15.969658208134357,8.682621800072322,8.456002412696094,10.874236603934234,8.59211155551683,8.801069495681999,9.16878120306472,8.1377823867236,9.445131809985407,11.926327283639168,10.759978550704975,13.705784386334553,11.895622324080463,20.15099670776376,9.850757444635521,14.38414391922339,11.978455750613062,10.534419811675095,11.974468518452442,10.349727397969685,9.740056027905936,13.299028695886939,9.587444278675616,9.88133448439876,11.319549050281532,8.539041602220106,8.3040242178303,10.675268532230634,11.541323220085811,10.853713247037348,10.797240048198208,10.1914050038552,15.816701468220709,13.593630941730206,9.422340620069908,9.557293986204863,7.381543566553588,9.133768115168161,11.48768411575166,10.241469563271252,10.844878902373662,11.781778434071967,15.03230073503364,10.185296497480675,12.605688194938933
0.05869332179678223,0.05869332179678223,0.05869332179678223,0.05869332179678223,0.05869332179678223,0.05869332179678223,0.05869332179678223,0.05869332179678223,0.05869332179678223,0.05869332179678223,0.05869332179678223,0.05869332179678223,0.05869332179678223,0.05869332179678223,0.05869332179678223,0.05869332179678223,0.05869332179678223,0.05869332179678223,0.05869332179678223,0.05869332179678223,0.05869332179678223,0.05869332179678223,0.05869332179678223,0.05869332179678223,0.05869332179678223,0.05869332179678223,0.05869332179678223,0.05869332179678223,0.05869332179678223,0.05869332179678223,0.05869332179678223,0.05869332179678223,0.05869332179678223,0.05869332179678223,0.05869332179678223,0.05869332179678223,0.05869332179678223,0.05869332179678223,0.05869332179678223,0.05869332179678223,0.05869332179678223,0.05869332179678223,0.05869332179678223,0.05869332179678223,0.05869332179678223,0.05869332179678223,0.05869332179678223,0.05869332179678223,0.05869332179678223,0.05869332179678223,0.05869332179678223,0.05869332179678223,0.05869332179678223,0.05869332179678223,0.05869332179678223,0.05869332179678223,0.05869332179678223,0.05869332179678223,0.05869332179678223,0.05869332179678223,0.05869332179678223,0.05869332179678223,0.05869332179678223,0.05869332179678223,0.05869332179678223,0.05869332179678223,0.05869332179678223,0.05869332179678223,0.05869332179678223,0.05869332179678223,0.05869332179678223,0.05869332179678223,0.05869332179678223,0.05869332179678223,0.05869332179678223,0.05869332179678223,0.05869332179678223,0.05869332179678223,0.05869332179678223,0.05869332179678223,0.05869332179678223,0.05869332179678223,0.05869332179678223,0.05869332179678223,0.05869332179678223,0.05869332179678223,0.05869332179678223,0.05869332179678223,0.05869332179678223,0.05869332179678223,0.05869332179678223,0.05869332179678223,0.05869332179678223,0.05869332179678223,0.05869332179678223,0.05869332179678223,0.05869332179678223,0.05869332179678223,0.05869332179678223,0.05869332179678223
0.05869332179678223,0.05869332179678223,0.05869332179678223,0.05869332179678223,0.05869332179678223,0.05869332179678223,0.05869332179678223,0.05869332179678223,0.05869332179678223,0.05869332179678223,0.05869332179678223,0.05869332179678223,0.05869332179678223,0.05869332179678223,0.05869332179678223,0.05869332179678223,0.05869332179678223,0.05869332179678223,0.05869332179678223,0.05869332179678223,0.05869332179678223,0.05869332179678223,0.05869332179678223,0.05869332179678223,0.05869332179678223,0.05869332179678223,0.05869332179678223,0.05869332179678223,0.05869332179678223,0.05869332179678223,0.05869332179678223,0.05869332179678223,0.05869332179678223,0.05869332179678223,0.05869332179678223,0.05869332179678223,0.05869332179678223,0.05869332179678223,0.05869332179678223,0.05869332179678223,0.05869332179678223,0.05869332179678223,0.05869332179678223,0.05869332179678223,0.05869332179678223,0.05869332179678223,0.05869332179678223,0.05869332179678223,0.05869332179678223,0.05869332179678223,0.05869332179678223,0.05869332179678223,0.05869332179678223,0.05869332179678223,0.05869332179678223,0.05869332179678223,0.05869332179678223,0.05869332179678223,0.05869332179678223,0.05869332179678223,0.05869332179678223,0.05869332179678223,0.05869332179678223,0.05869332179678223,0.05869332179678223,0.05869332179678223,0.05869332179678223,0.05869332179678223,0.05869332179678223,0.05869332179678223,0.05869332179678223,0.05869332179678223,0.05869332179678223,0.05869332179678223,0.05869332179678223,0.05869332179678223,0.05869332179678223,0.05869332179678223,0.05869332179678223,0.05869332179678223,0.05869332179678223,0.05869332179678223,0.05869332179678223,0.05869332179678223,0.05869332179678223,0.05869332179678223,0.05869332179678223,0.05869332179678223,0.05869332179678223,0.05869332179678223,0.05869332179678223,0.05869332179678223,0.05869332179678223,0.05869332179678223,0.05869332179678223,0.05869332179678223,0.05869332179678223,0.05869332179678223,0.05869332179678223,0.05869332179678223
0.05869332179678223,0.05869332179678223,0.05869332179678223,0.05869332179678223,0.05869332179678223,0.05869332179678223,0.05869332179678223,0.05869332179678223,0.05869332179678223,0.05869332179678223,0.05869332179678223,0.05869332179678223,0.05869332179678223,0.05869332179678223,0.05869332179678223,0.05869332179678223,0.05869332179678223,0.05869332179678223,0.05869332179678223,0.05869332179678223,0.05869332179678223,0.05869332179678223,0.05869332179678223,0.05869332179678223,0.05869332179678223,0.05869332179678223,0.05869332179678223,0.05869332179678223,0.05869332179678223,0.05869332179678223,0.05869332179678223,0.05869332179678223,0.05869332179678223,0.05869332179678223,0.05869332179678223,0.05869332179678223,0.05869332179678223,0.05869332179678223,0.05869332179678223,0.05869332179678223,0.05869332179678223,0.05869332179678223,0.05869332179678223,0.05869332179678223,0.05869332179678223,0.05869332179678223,0.05869332179678223,0.05869332179678223,0.05869332179678223,0.05869332179678223,0.05869332179678223,0.05869332179678223,0.05869332179678223,0.05869332179678223,0.05869332179678223,0.05869332179678223,0.05869332179678223,0.05869332179678223,0.05869332179678223,0.05869332179678223,0.05869332179678223,0.05869332179678223,0.05869332179678223,0.05869332179678223,0.05869332179678223,0.05869332179678223,0.05869332179678223,0.05869332179678223,0.05869332179678223,0.05869332179678223,0.05869332179678223,0.05869332179678223,0.05869332179678223,0.05869332179678223,0.05869332179678223,0.05869332179678223,0.05869332179678223,0.05869332179678223,0.05869332179678223,0.05869332179678223,0.05869332179678223,0.05869332179678223,0.05869332179678223,0.05869332179678223,0.05869332179678223,0.05869332179678223,0.05869332179678223,0.05869332179678223,0.05869332179678223,0.05869332179678223,0.05869332179678223,0.05869332179678223,0.05869332179678223,0.05869332179678223,0.05869332179678223,0.05869332179678223,0.05869332179678223,0.05869332179678223,0.05869332179678223,0.05869332179678223
4.605878575944282e-8,0.1968955540365217,0.005518706545666331,0.12493719680016625,1.1479756578071487e-6,0.09883857036841764,0.12315268928701992,0.25280022896281945,1.2073835796927267e-7,0.28024122719898836,0.12984137500700582,9.860121159026713e-8,0.025247650961053254,0.05998873722955976,0.0986598073265828,0.23945748869315278,0.008691840253921126,0.2603556865526349,0.3018013880142312,0.08930426932123839,0.2135791116454641,0.19002670870761731,0.2627181061823553,0.11757369245059536,0.06593788340269036,0.2507899413492103,0.15623449020708935,0.3799308261159253,0.18424415632709168,0.14575845801353254,0.0568919933499375,0.00551850203627174,7.021091424189882e-8,0.36036917198562135,0.005518644357167781,0.2000228303251165,0.04953042093394146,0.12813743021974114,0.05677481721682294,0.005517470545136094,0.31184316761565445,0.2904932093348004,0.1763576485263616,0.23228357374389502,0.052308638516196194,0.22171685625862628,0.1505296858610117,0.1906910030372878,0.03480484145888835,0.0055184705626876015,0.09132891854790803,0.06729931337109946,0.01896643452532077,8.982650444504525e-7,1.745139963358322e-8,0.29663775255702807,0.11338165485268362,0.005518726014324836,0.22655515136428633,0.06978933093479545,0.12896664844566588,0.1725636548153834,0.26262652437950873,4.984813160303593e-8,0.17507745215154052,0.42603845351339764,0.005518709087215616,0.14970897427467297,0.006322855249367811,0.005518321384540173,0.33295135253561414,0.20426866273370908,0.30339615830677347,0.005518501490268553,1.8334985868324136e-8,0.29290144608282764,0.05797601800961586,0.08003884284499746,0.09640155893916516,0.04804753757833166,0.005518518316401233,0.48652269999663883,0.25868259570207464,0.03903212194422569,0.08348100307374631,0.039148221932838706,0.2721970759292428,0.13170867567976569,0.24089913051654857,0.04571941857716586,0.686674552757563,0.20903290439646133,0.5470447460835538,0.0384895216132764,0.02410790022693556,1.9564636239938844e-8,0.3787579982272329,0.1130802588703821,0.23351180104874625,0.1015663271549498
0.0,0.0,0.0,0.0,0.0,0.0,0.0,0.01914119850261451,0.0,0.005584212978035402,0.0,0.0,0.0,0.0,0.0,0.03660272103012461,0.0,0.0,0.05510884432774168,0.0,0.0,0.0,0.0,0.0,0.0,0.0,0.0,0.017108886114852586,0.0,0.0,0.0,0.0,0.0,0.03144432420432444,0.0,0.0,0.0,0.0,0.0,0.0,0.0,0.0,0.0,0.0,0.0,0.005584212978035402,0.0,0.0,0.0,0.0,0.0,0.0,0.0,0.0,0.0,0.0,0.0,0.0,0.006426271642430954,0.0,0.0,0.0,0.0,0.0,0.0,0.0,0.0,0.0,0.0,0.0,0.11600110600229341,0.0,0.061184233823945375,0.0,0.0,0.0,0.0,0.0,0.0,0.0,0.0,0.022670551361232458,0.0,0.0,0.0,0.0,0.0,0.0,0.0,0.0,0.2439184394100313,0.0,0.07077921571474702,0.0,0.0,0.0,0.10368590940933825,0.0,0.0,0.0
0.2930644400672862,0.5524232441003212,0.1782659402034737,0.4497707604606364,0.17153161801630845,0.458379086988397,0.3733281557111361,0.5264771013369306,0.22456164369945883,0.6960218702243016,0.681820528798536,0.5878618810108629,0.3311774480231029,0.3376403596001574,0.6238778282284563,0.5006702084596932,0.4880936723259722,0.7994716009662933,0.6832715318918134,0.3911821550586117,0.5437547071001154,0.6605498777387712,0.7255887790559886,0.4817771041292466,0.3560177695448613,0.5820671981756195,0.5280141414157219,0.8717088115646603,0.5994545230668484,0.5665121286741586,0.5474751488892005,0.24380219004913406,0.330848682272116,0.8074674284164686,0.2655333985993922,0.5907531442127573,0.3294849334552777,0.39320250612716245,0.304881047597718,0.21439005347439002,0.7630986055096148,0.6246573380719953,0.6294977185246942,0.7525693722855155,0.39388700809304555,0.6388355660284142,0.4264136214588265,0.7678221114368103,0.47292964082854105,0.20382365473527023,0.3781526035823889,0.3384903386192302,0.541330701352834,0.2917378676774727,0.44497051589062475,0.6486016479040522,0.4728753844274253,0.3062562207875236,0.7121571628573788,0.3638154390514891,0.4412294153575041,0.7650298482928534,0.6800273526204673,0.6624821435978345,0.4847787669071133,0.8870690438862321,0.13372946063919355,0.5157522324675482,0.23534520571869355,0.27543542016241074,0.6842229148416541,0.5053168151460634,0.6476086289030915,0.25643046940772085,0.8481903833001934,1.1162057258434919,0.48590216468735437,0.4526499455095826,0.5801791411711505,0.4734027180247673,0.23503476629686423,0.9532894124968226,0.844689635249787,0.2919949859778756,0.3627937944891582,0.43878878757635764,0.7267168274601772,0.47436651103338145,0.581724326444016,0.3235461584022456,1.2878154491653353,0.6450275635472231,1.1193524888770774,0.3356527523257138,0.36281890424733193,0.396612402886081,0.7619710447978687,0.40060195040009505,0.6086055588157092,0.47097538761599
1.5588822710017233e-6,7.163566490842754e-7,1.32614618094246e-6,1.4939538619247512e-6,7.818110355418094e-7,8.383741305942355e-7,1.336638768602199e-6,1.4457896659386212e-6,1.2111988080985528e-6,9.9920493483892e-7,5.108011723291957e-7,6.803373536308632e-7,1.041281134674782e-6,1.217544614057023e-6,8.896079057851683e-7,1.5335003277255803e-6,1.0552080141333392e-6,7.475252206347861e-7,8.264262679071042e-7,8.416311928860066e-7,1.027343207854062e-6,7.186571107987407e-7,9.240355081869385e-7,9.299858530132346e-7,7.713313207805313e-7,9.329031718572309e-7,7.359409219264947e-7,7.461534269451972e-7,7.931096719212845e-7,1.1312305411163419e-6,6.412414370554398e-7,1.0193454655898456e-6,1.2788167058295594e-6,7.727274897910404e-7,7.42050615260591e-7,9.555135453011256e-7,1.2316474016554882e-6,1.0384746521219717e-6,1.1376040701668656e-6,1.5242421949043632e-6,8.174106268403896e-7,1.1328967241357707e-6,8.935231421000692e-7,7.516740629488222e-7,1.1505861438637738e-6,1.222067809778758e-6,1.0983085091143604e-6,7.449877552123782e-7,1.0470631524391921e-6,9.174921751613748e-7,1.1385819662202944e-6,1.0821049283470365e-6,1.0994375942922384e-6,9.883572475904764e-7,1.266618189390054e-6,1.1924661827111544e-6,1.0713994768761828e-6,7.787180875188957e-7,7.748973744037057e-7,7.936795805603731e-7,7.73205209925324e-7,1.3030026780442692e-6,6.688428224093941e-7,9.451883261008274e-7,1.2647409632116765e-6,7.905092864843535e-7,1.0330806058940096e-6,1.0180478152538957e-6,1.1090623637078464e-6,8.900712550078557e-7,1.0417219306292615e-6,1.2956967435984858e-6,9.451449845621819e-7,9.63149231152483e-7,8.247912806956803e-7,9.968498558884296e-7,1.178946282944416e-6,1.0043017703523356e-6,1.229111673013746e-6,1.1969328234624062e-6,7.364613087460053e-7,9.608962012211013e-7,1.0956068613136463e-6,1.057628220687974e-6,1.05176614627873e-6,1.0718535458304646e-6,9.260135622799259e-7,1.3204744356598918e-6,1.0514857169909098e-6,1.1074251608988493e-6,8.262359678646293e-7,8.713462289523892e-7,8.850020716139459e-7,1.1597619840894925e-6,9.543175651908295e-7,7.625796967811572e-7,9.227524329516135e-7,1.298994852186858e-6,9.688903691354777e-7,1.2088701914284603e-6
1.1935088860014532e-6,4.6422730822890917e-7,1.0358977067785747e-6,1.0968139112194124e-6,5.373403002954454e-7,5.405398079187802e-7,9.917008032271855e-7,1.0796958517538554e-6,8.88888298116986e-7,6.852857803218406e-7,2.7756731411313545e-7,4.115879906686881e-7,7.368423390061106e-7,8.763312943285709e-7,5.803636366015741e-7,1.17397106628694e-6,7.294256223379314e-7,4.819239240333885e-7,5.439830951849215e-7,5.354692566455883e-7,7.39172186619217e-7,4.270203006489369e-7,6.16672264001477e-7,6.212794622428666e-7,5.087191381821881e-7,6.391647865178037e-7,4.4944020824110813e-7,4.6212893969025793e-7,5.165760910650936e-7,7.678926323028344e-7,3.9701765114638994e-7,7.330011743540465e-7,9.801231396189898e-7,5.050766176220447e-7,4.815496182846357e-7,6.385548338754173e-7,8.965161364231266e-7,7.55308675131508e-7,8.22127422704815e-7,1.1634010877849761e-6,5.389558459808995e-7,8.067130113402446e-7,6.100245000327618e-7,4.7067558529237306e-7,8.206924112271683e-7,8.904134674951289e-7,7.811447779831758e-7,4.755206204331281e-7,7.126245466640207e-7,6.564587934965803e-7,8.283211479061453e-7,7.594604824423798e-7,7.561215449416211e-7,6.950633244827248e-7,9.001010699668098e-7,8.881538735094622e-7,7.370529288337834e-7,5.134363656245604e-7,5.077248207695174e-7,5.168590340750552e-7,5.008884004781458e-7,8.921658537417905e-7,4.1524392550422876e-7,6.359708623235123e-7,9.065162826197541e-7,5.300072350080034e-7,7.900137677238555e-7,7.167706590088747e-7,8.296209132030126e-7,6.122957798302018e-7,7.304553470061369e-7,9.407247050550007e-7,6.476410272315023e-7,6.940225609822396e-7,5.437302206627913e-7,6.637438172638852e-7,8.447701629773651e-7,6.908341864110826e-7,8.546644864448e-7,8.425131706449097e-7,4.887494652599864e-7,6.451113328826167e-7,7.52715501179665e-7,7.453954090541428e-7,7.188949119279869e-7,7.393573383252718e-7,6.368227975609915e-7,9.873405171127257e-7,7.579746370278944e-7,7.796302920914811e-7,5.412391193609409e-7,5.526608672938053e-7,5.883438279174297e-7,8.281723016523022e-7,6.590110600834367e-7,5.101380483118519e-7,6.355953824106131e-7,9.501127154806754e-7,6.634548169996151e-7,8.683640520369535e-7
1.8719498785051087e-6,9.690342884842011e-7,1.5632077580939649e-6,1.8810406490391164e-6,1.0203427909750317e-6,1.1391319956861119e-6,1.6596493935121291e-6,1.7866242855103567e-6,1.4739921264989285e-6,1.3156894662973808e-6,7.566661156957784e-7,9.674158910078793e-7,1.3240549157879052e-6,1.5514594992905321e-6,1.207011311871517e-6,1.8589000846534624e-6,1.3572861316556961e-6,1.013768864708469e-6,1.1072316175141443e-6,1.1567573718577453e-6,1.2894310149710777e-6,1.0253803524661979e-6,1.231047522393922e-6,1.2390293638284668e-6,1.0305648796566054e-6,1.2181145793332144e-6,1.0347324341822088e-6,1.0323339883784152e-6,1.074744721526144e-6,1.5055796546594805e-6,8.86436573633915e-7,1.2490035717910337e-6,1.5440767211272863e-6,1.0368661161027736e-6,9.866224060784795e-7,1.2722745809943089e-6,1.5402958963905311e-6,1.3016743868017078e-6,1.4358641376162697e-6,1.784526739060704e-6,1.0920811099895059e-6,1.4471971712239177e-6,1.1542569033027706e-6,1.0368444099575149e-6,1.4691971941372285e-6,1.5241751806513522e-6,1.4032883451570841e-6,1.0146857138924567e-6,1.367961554803917e-6,1.1574313244615839e-6,1.431223355974751e-6,1.3935130402049377e-6,1.41827768689162e-6,1.2439739844322957e-6,1.5888015640349512e-6,1.4662532774872011e-6,1.4065946358881942e-6,1.0214950476564766e-6,1.0403667183851347e-6,1.0739487085985784e-6,1.0436139645937848e-6,1.714081595541987e-6,9.242577962887736e-7,1.2491638014938693e-6,1.6193215638844325e-6,1.0415557132292227e-6,1.2520000931490946e-6,1.311279315916284e-6,1.3239859771448285e-6,1.144282387667778e-6,1.3416760659514667e-6,1.6333928167957077e-6,1.233128356889172e-6,1.201174452427264e-6,1.0898660917919223e-6,1.3242375277683047e-6,1.5008050067409173e-6,1.3144094424815236e-6,1.606961680501221e-6,1.527194549928219e-6,9.61280687661373e-7,1.2746844394176711e-6,1.4381263685311316e-6,1.3428349312763202e-6,1.3731807504917142e-6,1.3734242295594235e-6,1.2049890766208856e-6,1.6308146092111616e-6,1.3216286299533542e-6,1.4333011234852532e-6,1.1070016698470077e-6,1.1981239072175122e-6,1.1794899282312984e-6,1.4671537793869302e-6,1.2397334381438215e-6,1.0214392895147923e-6,1.199218984564952e-6,1.6265115159260376e-6,1.2731810005638961e-6,1.5442744031829949e-6
140.9335619857844,83.624393825873,165.0859476217387,132.40227010715753,82.48933208022731,62.267172427919796,147.06431489724488,133.1187902485056,121.548538308856,107.8229038444346,47.937051149332135,53.915393881136914,113.2018193582361,103.74964614421829,71.54162069727373,186.03768477989462,95.50007752309564,84.3920410628337,94.2070388476293,61.41920042279186,141.51622075298235,52.153480223647215,92.92458937421664,75.23064873979435,92.86609626445585,100.32465763636594,58.29790479796798,65.6702635973453,79.80482016276623,81.39157624836498,73.70758461875795,136.52874267661113,150.3274785525308,90.46141049741439,70.46642547475723,90.03806661683076,137.23613904059326,139.09377584226755,132.95117302627085,157.80067468384897,80.81571272804433,102.38488001608441,92.12362335989398,70.55506747042926,111.28628159365287,172.11782054088613,119.29080759752556,77.47329750361767,87.14479546124497,112.15151503086113,144.54426553566196,113.52583837559526,92.4506692704631,106.33066998812355,111.15031879347856,152.42308334916893,84.5899173662704,80.59180414988249,97.57530707406714,79.71460982382735,79.37071005422216,91.07968774576877,72.15639474806488,82.11108568946446,116.36048613387308,96.52409925750558,133.48859375378075,112.85696041754946,185.3268025553014,94.5173586333649,133.97774662542741,118.3210978021491,97.51484404669917,114.17410384741342,93.37132624545933,92.05690738036611,128.97132388410063,91.6647088460841,96.33669546184146,111.00745743410046,80.28373202930675,79.35080902480571,101.85237733008817,109.7731890469791,102.05931326133273,104.30362649882251,95.01953855374002,154.64309993077853,127.36065306897673,92.13735066894802,86.7167445695691,69.17803200279218,85.52123944757683,110.9061697424628,97.23867216283351,96.92914080479756,108.66722424111452,144.89905047129588,96.96892417828637,121.29690016038941
87.73519215650717,44.16926680992097,101.9000571148095,81.01225101965076,46.62437918144501,33.980704271020954,87.4151722963227,80.3864685671857,72.040552107885,60.77412001484435,22.264732843142774,27.949004848945872,65.57617699677134,61.33486009645212,39.468262045930445,111.77302909408112,54.99458877205236,44.60213167908832,50.70599106406426,33.26214837871702,79.88717241130628,26.59227282478795,50.987481989729424,42.018305111821924,49.61201069331432,55.57546732282546,30.372706372552823,33.70452691733553,42.94519078941606,46.83164995384816,37.27300402992509,77.98117494291401,91.53301800842553,48.18356526090434,37.92947346493351,50.138330591036635,81.42016217967446,79.01684688140206,76.85965001971968,96.37891790499746,43.84427881924733,59.55280955393114,51.031913164909405,36.74341839237731,65.3432803108497,98.02898963633716,68.54917425524293,41.12043501368982,50.26678046662524,63.66558409870603,83.53568697729716,64.97087962232554,53.54475725862016,60.56506217042338,66.95568445196899,89.54565079099656,48.885592060557286,44.452416715204606,51.591569637826844,43.20940569468955,41.83060334333838,53.462190285496106,36.722566264779,46.2135756017981,68.5352410571264,51.36334020393352,80.21315942512858,64.51500296157765,104.80192715965887,53.73332829579974,75.24390788821725,70.68526036373349,53.86585452384058,65.92952719766946,50.091471152992234,51.148485164680025,75.73116170721464,52.22161132297978,56.15093292432599,65.05429161421115,43.923671102550365,44.513167092417,57.93832216828015,62.686638670450215,56.970873337163674,59.7382982683655,52.84080293188629,92.83269924140932,72.63984163062158,54.020088841111175,46.120831302977315,37.23820340083596,47.01631913773198,64.5586666901243,55.17271203627208,52.14197502565139,60.02535820823847,85.18250798160564,54.88970526691356,70.77387369016068
223.43174432109097,148.3455871847854,265.15265048573923,210.82366565682213,139.31737431537164,105.96398581368003,243.00802537384664,216.28872443183073,198.0475273018715,182.88644596945284,88.9452566102216,94.59620745959342,188.56839459193895,170.22320889003612,121.18790085070839,307.70432237214374,158.19309077211443,149.38741840641487,164.8987351111378,104.50227266125955,245.32461011312614,91.41096787945332,160.2448844847888,126.97120107167724,164.59519867925357,173.1942761385379,101.41222606777022,116.9570473907181,138.9881129705699,134.30127983556167,133.44772981680694,229.88964412591739,244.5056557059319,159.72766941564663,121.52676851450924,152.59900447280887,225.50068843344167,240.80325864180963,224.65693326239116,250.76660806941752,140.01669297763772,169.7732973863055,159.38825083142657,124.75672789443693,183.81883275790977,297.42192826298106,201.10586518341208,135.60910882998894,143.08812585814127,191.87579357835872,245.02083176526122,191.14414043165968,151.20045713981344,179.248238682977,176.91932935305883,256.1168027256523,139.2494006902331,135.61494388633722,174.3978909744779,137.79782332099035,141.14903089486197,147.04628590133936,130.51142228599167,151.4783177553316,191.27101985122704,172.56545305393243,219.80944301532787,190.77858250739018,323.1759115482366,157.9836254642489,230.68877884065316,192.10704126873884,168.948006624319,192.04309518176606,165.98596261126562,156.20822786083997,213.28601179531316,153.7606843529063,158.47401126705756,181.53968439835432,136.94670261558707,133.17756114177624,171.20689804870207,185.09643499107997,174.0687432569049,173.16304227458812,163.44683341689012,253.66372635598594,218.01075820489763,151.11279918158422,153.27714260090318,118.38308076517522,146.48475602958226,184.23618640441123,164.24975447633872,173.92706056839955,188.95278681791356,241.0837321431355,163.34886694186085,202.16641549659246
9.213165583801615,5.849500135086031,10.630749326092664,8.712435724227095,5.782879590789632,4.59597386689084,9.572999837290526,8.754490671457113,8.075394151093414,7.269791070608126,3.7548914472997783,4.105780241069051,7.5854974897773815,7.030718045648108,5.140322043651641,11.860476377317907,6.54652345988392,5.894555901391376,6.470630724809088,4.546203573119204,9.247363762322484,4.002367675791861,6.395359505177966,5.3568433536686575,6.391926350263882,6.82969409300645,4.3630043645885275,4.79571259200172,5.625316668950791,5.718448654495841,5.267449661095534,8.95463210663163,9.764525751785786,6.250787354718775,5.077215264462116,6.225939896104981,8.996151549060707,9.10518242364292,8.744652659893807,10.203152457171711,5.684649311586633,6.950615388112198,6.3483481491510405,5.082417957638805,7.473068215346809,11.043473306170261,7.94288043592282,5.488471859240895,6.056124201124836,7.523851639906209,9.425089769167366,7.604515242231519,6.367543560022395,7.182206908683608,7.465088106963786,9.887523758473751,5.906169918944944,5.671507373355521,6.6683255757212825,5.6200219244980545,5.599837304654778,6.287076100216067,5.176405174847037,5.760679053658116,7.770890135288646,6.606626697068541,8.776195667593806,7.565256572997163,11.818752338150247,6.488844423853177,8.804905674497183,7.885964946853297,6.664776799799166,7.642564096178684,6.4215799761203005,6.3444323666956235,8.51106209348976,6.321412931914781,6.595627345783688,7.456703099225481,5.653425597245952,5.598669247131151,6.919361036605371,7.384259787596572,6.931506793809224,7.06323299286999,6.518319031519636,10.017823906092353,8.416526473029009,6.349153850518753,6.031000472394305,5.001595171811199,5.960832305559512,7.450758188146138,6.648567354548215,6.630399930944816,7.319347039350046,9.445913275563177,6.632734949287156,8.06062467226912
6.090776544347618,3.533747668605842,6.922159521553221,5.69618479678128,3.6778463690749637,2.9357470888635433,6.07199351571245,5.659455545923969,5.169605985489171,4.508341661150741,2.2480978076851827,2.581726613702225,4.790190336877466,4.5412533592049,3.25783008322474,7.501637043023224,4.169121774082994,3.5591539456664036,3.917409728751105,2.8935726566475743,5.630150195975041,2.5020955044163244,3.9339313662340456,3.4075005814867616,3.853200386811316,4.203215465788368,2.723981707166639,2.9195373225707004,3.461902580830623,3.6900117792186893,3.128983098064372,5.518280873218841,6.3136835592024,3.7693601793777334,3.167513469863073,3.8840918499363815,5.720126457761049,5.5790678995804175,5.452454849998685,6.59810552122689,3.514673043889145,4.436658893254586,3.936539179496693,3.097899957820826,4.776520856745265,6.694953712342185,4.964685421669891,3.354801602885386,3.89163099981906,4.678051293088672,5.844293635476991,4.754663423296372,4.084026346514002,4.496071361813999,4.871158211866443,6.197038375581466,3.8105644642397296,3.550366677113383,3.9693872769572884,3.4774102312893462,3.396483741187332,4.079180216590646,3.096676077185551,3.6537349423794776,4.963867635989179,3.95599173335029,5.649283456678885,4.727906507747454,7.092479913908008,4.095094207080736,5.357621577133794,5.090059411021164,4.1028726116296514,4.810929633925738,3.881341513860025,3.9433811773917244,5.386220122328919,4.006366516329357,4.236991453520218,4.759559150177825,3.519332840721231,3.553932318552386,4.341899265591726,4.620593734046565,4.285116480025086,4.447545842060553,4.042708928684774,6.389966168043157,5.204780278296588,4.111925136045321,3.6482914714039727,3.126940533542513,3.700850627054332,4.730469277017889,4.179576420149336,4.001692397503557,4.464394343486482,5.940951030624568,4.162965812764709,5.095260421504639
14.055257947257381,9.648201963972442,16.503996518432437,13.315247928976305,9.11830616077809,7.160684996435207,15.20425491067102,13.636010382296215,12.565373929188977,11.67551970375814,6.1617992467243266,6.493472323384307,12.009012142690501,10.932272254866989,8.054227140710385,19.001495489452267,10.226184660918511,9.709350499121475,10.61976120196358,7.074892196005604,15.340222964243068,6.306520031707296,10.346611249557123,8.393668241627111,10.601945640489955,11.106654060963185,6.893527096926883,7.805904297108145,9.098980718712399,8.823894913311541,8.77379722739112,14.434293538633435,15.29215580968472,10.316254179065817,8.074116409548372,9.8978491535944,14.176691149823139,15.07484982738073,14.127168356050973,15.65963190150911,9.159351496060967,10.905865454198453,10.296332574878381,8.263693454825003,11.730244581572112,18.397987623161846,12.744877938633527,8.900655741336621,9.33962409449358,12.203134375710787,15.322393203916935,12.160191222127953,9.815763764930868,11.461981232729615,11.3252898079932,15.973652598142918,9.114316562924138,8.900998220176573,11.177298213848392,9.029118665278247,9.225812169819308,9.571941655632171,8.601455584590664,9.832072327452128,12.167638196730008,11.069746345305191,13.842653051073324,12.13873541324344,19.9095744516723,10.213890446198699,14.481197409604402,12.21670707081703,10.857426397929268,12.212953862556692,10.683574195494895,10.109686463344582,13.459771203257823,9.966032004621807,10.24267281792752,11.596473793482115,8.979163563828108,8.75794013040813,10.990008239204576,11.805231300571858,11.157979440942205,11.104820841735425,10.534544268605808,15.829673397386008,13.737082264683757,9.81061882818047,9.937651332969308,7.889602932848109,9.538983602170624,11.754740453449282,10.58167037272544,11.149663613312727,12.03157339930581,15.091311748849522,10.52879429076162,12.807125159446702
223.4575950159778,175.7434209779691,173.647486652924,210.70292275683892,189.07603311716605,217.76018779895765,206.47285896459755,222.54569707186073,239.85404557717564,198.59162519707394,191.78188767479304,213.16388151338145,181.31992472968642,222.42551831942885,215.26656492639194,214.02968008600638,208.50163876301633,182.91543200589706,186.6823490393287,209.42155496324298,180.07338595576346,228.84757586306793,208.3736279253609,212.09350149511164,172.35853245363785,211.3456170833227,199.74396604435236,231.8148886062281,198.90309770438995,228.13157977472406,172.23916143731813,162.0981843245293,188.2928955345219,183.18506294485582,188.49327666343603,204.74961704593113,180.0153023025858,192.2035465646104,187.2235062517559,208.60469291704538,199.77408631647165,238.79385034491202,207.11295614305766,211.08621527694277,194.27187775231226,192.71247110526525,210.30950635501452,191.0209917310306,203.2151054101028,178.21471850682642,190.33134019992767,189.98563232663696,218.9884870165476,218.12653765601576,195.40716052448192,190.08816637604002,223.86407866685437,171.7366300877099,188.12339580055743,183.78490069467114,201.01449110859755,252.7753102107535,188.61486905984566,217.36584730845172,222.7276683033319,195.4074967141147,170.46929451178778,193.26835977574854,168.721957528166,185.7137942882549,187.3428016050414,213.57813353994703,207.78030779816928,189.39896059864282,201.148949828168,228.30375105073318,199.61143493825398,205.43321995040287,239.35026777590383,219.20473994333884,184.7383027458407,225.12219082304597,234.58239193699484,199.24863387052352,233.37690704062092,196.43319934073764,213.31296395374903,194.33846400384894,201.97288051919185,218.82748079536998,228.56024576411306,215.8949699310749,220.7609740943969,216.1197435143161,194.49849862423264,180.17507154140498,202.82452582386338,205.56508174466612,190.89346914334823,225.8184657754788
452.9151900319556,357.4868419559382,353.294973305848,427.40584551367783,384.1520662343321,441.5203755979153,418.9457179291951,451.09139414372146,485.7080911543513,403.1832503941479,389.5637753495861,432.3277630267629,368.63984945937284,450.8510366388577,436.5331298527839,434.05936017201276,423.00327752603266,371.8308640117941,379.3646980786574,424.84310992648597,366.1467719115269,463.69515172613586,422.7472558507218,430.1870029902233,350.7170649072757,428.6912341666454,405.4879320887047,469.6297772124562,403.8061954087799,462.2631595494481,350.47832287463626,330.1963686490586,382.5857910690438,372.37012588971163,382.98655332687207,415.49923409186226,366.0306046051716,390.4070931292208,380.4470125035118,423.20938583409077,405.5481726329433,483.58770068982403,420.2259122861153,428.17243055388553,394.5437555046245,391.4249422105305,426.61901271002904,388.0419834620612,412.4302108202056,362.42943701365283,386.66268039985533,385.9712646532739,443.9769740330952,442.2530753120315,396.81432104896385,386.17633275208004,453.72815733370874,349.4732601754198,382.24679160111486,373.5698013893423,408.0289822171951,511.550620421507,383.2297381196913,440.73169461690344,451.4553366066638,396.8149934282294,346.93858902357556,392.5367195514971,343.443915056332,377.4275885765098,380.6856032100828,433.15626707989406,421.56061559633855,384.79792119728563,408.297899656336,462.60750210146637,405.22286987650796,416.86643990080574,484.70053555180766,444.4094798866777,375.4766054916814,456.24438164609194,475.1647838739897,404.49726774104704,472.75381408124184,398.8663986814753,432.62592790749807,394.6769280076979,409.9457610383837,443.65496159073996,463.1204915282261,437.7899398621498,447.5219481887938,438.2394870286322,394.9969972484653,366.35014308280995,411.64905164772676,417.13016348933223,387.78693828669645,457.6369315509576
460.7307005899199,365.30235251390246,361.11048386381225,435.2213560716421,391.96757679229637,449.33588615587956,426.76122848715937,458.90690470168573,493.52360171231555,410.99876095211215,397.37928590755035,440.1432735847272,376.4553600173371,458.66654719682197,444.34864041074815,441.87487072997703,430.81878808399694,379.6463745697584,387.18020863662167,432.65862048445024,373.9622824694912,471.51066228410014,430.56276640868606,438.00251354818755,358.53257546524,436.5067447246097,413.303442646669,477.44528777042046,411.6217059667442,470.0786701074124,358.29383343260054,338.0118792070229,390.4013016270081,380.1856364476759,390.80206388483634,423.31474464982654,373.8461151631359,398.2226036871851,388.2625230614761,431.02489639205504,413.3636831909076,491.4032112477883,428.0414228440796,435.9879411118498,402.3592660625888,399.2404527684948,434.4345232679933,395.85749402002546,420.2457213781699,370.2449475716171,394.4781909578196,393.7867752112382,451.79248459105946,450.0685858699958,404.6298316069281,393.9918433100443,461.543667891673,357.28877073338407,390.06230215907914,381.38531194730655,415.8444927751594,519.3661309794713,391.0452486776556,448.5472051748677,459.2708471646281,404.6305039861937,354.75409958153983,400.35223010946135,351.2594256142963,385.24309913447405,388.50111376804705,440.97177763785834,429.3761261543028,392.6134317552499,416.1134102143003,470.42301265943064,413.03838043447223,424.68195045877,492.51604610977193,452.22499044464195,383.2921160496457,464.0598922040562,482.98029443195395,412.3127782990113,480.5693246392061,406.68190923943956,440.44143846546234,402.49243856566216,417.76127159634797,451.47047214870423,470.9360020861904,445.6054504201141,455.33745874675805,446.05499758659647,402.81250780642955,374.1656536407742,419.46456220569104,424.9456740472965,395.6024488446607,465.4524421089219
